Coin;1;0;0
Coin;2;6;0
Coin;3;6;5
Coin;4;0;5
Coin;5;10;0
Coin;6;10;3
Coin;7;6;3
Coin;8;9;3 
Coin;9;9;5


Mur;1;1;2;0;0;(1,2)
Mur;2;2;3;2;0;(1)
Mur;3;3;4;0;0;(7)
Mur;4;4;1;2;0;(9)
Mur;5;2;5;0;1;(1)
Mur;6;5;6;0;1;(8)
Mur;7;6;7;1;0;(1)
Mur;8;7;2;1;0;(1)
Mur;9;7;8;1;0;(9)
Mur;10;9;8;0;1;(1)
Mur;11;9;3;0;1;(1)
Mur;12;3;7;1;0;(8)

Sol;1;(1,2,3,4);(10)
Sol;2;(2,5,6,7);(13)
Sol;3;(7,8,9,3);(15)

Plafond;1;(1,2,3,4);(1)
Plafond;2;(2,5,6,7);(1)
Plafond;3;(7,8,9,3);(9)

Piece;1;1;1;(1,2,3,4)
Piece;2;2;2;(5,6,7,8)
Piece;3;3;3;(9,10,11,12)

Appartement;1;0;(1,2,3)

Niveau;0;3;(1)

Batiment;1;(0)